UNKNOWN DOB 568 20 0 49 0 5 18 67 0 0 82 1 326
MALE 306 53.87 11 0 21 0 2 7 39 0 0 44 1 181
FEMALE 227 39.96 9 0 27 0 0 6 24 0 0 35 0 126
UNKNOWN GENDER 35 6.16 0 0 1 0 3 5 4 0 0 3 0 19
VOTED 193 33.98 6 0 20 0 1 2 30 0 0 26 0 108
MALE 106 54.92 4 0 9 0 1 1 19 0 0 9 0 63
FEMALE 82 42.49 2 0 11 0 0 1 10 0 0 15 0 43
UNKNOWN GENDER 5 2.59 0 0 0 0 0 0 1 0 0 2 0 2
18 THRU 19 10517 398 13 1399 0 37 177 1162 0 0 2078 2 5251
MALE 5147 48.94 189 7 554 0 18 104 650 0 0 1179 2 2444
FEMALE 5270 50.11 209 6 839 0 19 73 501 0 0 894 0 2729
UNKNOWN GENDER 100 0.95 0 0 6 0 0 0 11 0 0 5 0 78
VOTED 6060 57.62 187 8 894 0 19 94 669 0 0 1380 0 2809
MALE 2889 47.67 77 5 312 0 7 59 358 0 0 778 0 1293
FEMALE 3116 51.42 110 3 576 0 12 35 306 0 0 598 0 1476
UNKNOWN GENDER 55 0.91 0 0 6 0 0 0 5 0 0 4 0 40
20 7073 244 7 850 0 25 132 904 0 0 1344 1 3566
MALE 3473 49.10 113 4 370 0 10 68 481 0 0 733 1 1693
FEMALE 3360 47.50 130 3 468 0 12 61 384 0 0 592 0 1710
UNKNOWN GENDER 240 3.39 1 0 12 0 3 3 39 0 0 19 0 163
VOTED 3127 44.21 91 1 458 0 15 48 388 0 0 744 0 1382
MALE 1464 46.82 40 1 167 0 5 29 205 0 0 397 0 620
FEMALE 1619 51.77 51 0 288 0 10 18 178 0 0 340 0 734
UNKNOWN GENDER 44 1.41 0 0 3 0 0 1 5 0 0 7 0 28
21 7825 329 14 996 0 28 142 919 0 0 1535 1 3861
MALE 3837 49.04 159 10 425 0 16 83 494 0 0 817 1 1832
FEMALE 3777 48.27 165 4 561 0 10 58 399 0 0 693 0 1887
UNKNOWN GENDER 211 2.70 5 0 10 0 2 1 26 0 0 25 0 142
VOTED 3398 43.42 120 2 539 0 10 61 384 0 0 838 0 1444
MALE 1574 46.32 57 2 211 0 5 36 190 0 0 429 0 644
FEMALE 1793 52.77 63 0 328 0 5 25 190 0 0 402 0 780
UNKNOWN GENDER 31 0.91 0 0 0 0 0 0 4 0 0 7 0 20
22 THRU 24 27942 1101 30 3604 0 87 544 3632 0 0 5885 2 13057
MALE 13721 49.11 535 16 1612 0 53 333 1946 0 0 3176 1 6049
FEMALE 13755 49.23 558 14 1965 0 32 208 1609 0 0 2671 1 6697
UNKNOWN GENDER 466 1.67 8 0 27 0 2 3 77 0 0 38 0 311
VOTED 11274 40.35 342 8 1743 0 38 217 1464 0 0 2923 0 4539
MALE 5170 45.86 150 4 704 0 23 122 737 0 0 1510 0 1920
FEMALE 6017 53.37 187 4 1033 0 15 94 710 0 0 1403 0 2571
UNKNOWN GENDER 87 0.77 5 0 6 0 0 1 17 0 0 10 0 48
25 THRU 34 114499 3517 106 15822 2 412 2692 15813 0 3 26451 9 49672
MALE 57079 49.85 1847 77 6811 0 232 1628 8722 0 2 14364 2 23394
FEMALE 56230 49.11 1644 29 8901 2 174 1043 6933 0 1 11960 7 25536
UNKNOWN GENDER 1190 1.04 26 0 110 0 6 21 158 0 0 127 0 742
VOTED 54318 47.44 1329 56 8376 1 179 1172 7725 0 3 14513 4 20960
MALE 25244 46.47 619 46 3184 0 101 719 4024 0 2 7527 1 9021
FEMALE 28796 53.01 707 10 5157 1 76 448 3659 0 1 6942 3 11792
UNKNOWN GENDER 278 0.51 3 0 35 0 2 5 42 0 0 44 0 147
35 THRU 44 95450 3164 61 13133 1 411 1601 13917 0 0 25745 3 37414
MALE 48661 50.98 1748 41 5623 0 247 978 7670 0 0 14290 1 18063
FEMALE 46267 48.47 1397 20 7453 1 159 614 6170 0 0 11391 2 19060
UNKNOWN GENDER 522 0.55 19 0 57 0 5 9 77 0 0 64 0 291
VOTED 54716 57.32 1421 29 7994 0 208 779 7969 0 0 16244 1 20071
MALE 26508 48.45 705 19 3117 0 120 476 4227 0 0 8699 0 9145
FEMALE 28064 51.29 714 10 4861 0 87 300 3717 0 0 7518 1 10856
UNKNOWN GENDER 144 0.26 2 0 16 0 1 3 25 0 0 27 0 70
45 THRU 54 92509 3048 65 12610 0 308 1022 13738 0 0 29905 2 31811
MALE 47258 51.08 1649 41 5402 0 189 589 7376 0 0 16541 2 15469
FEMALE 44840 48.47 1394 24 7171 0 118 431 6299 0 0 13300 0 16103
UNKNOWN GENDER 411 0.44 5 0 37 0 1 2 63 0 0 64 0 239
VOTED 60119 64.99 1588 44 8125 0 187 524 9140 0 0 20901 1 19609
MALE 29830 49.62 855 29 3285 0 113 311 4801 0 0 11220 1 9215
FEMALE 30132 50.12 732 15 4826 0 74 213 4319 0 0 9648 0 10305
UNKNOWN GENDER 157 0.26 1 0 14 0 0 0 20 0 0 33 0 89
55 THRU 59 50622 1730 34 7825 0 146 449 8859 0 1 15638 1 15939
MALE 25519 50.41 897 19 3239 0 89 251 4588 0 1 8612 1 7822
FEMALE 24912 49.21 832 15 4556 0 57 197 4239 0 0 6999 0 8017
UNKNOWN GENDER 191 0.38 1 0 30 0 0 1 32 0 0 27 0 100
VOTED 35699 70.52 995 19 5408 0 93 273 6454 0 1 11761 1 10694
MALE 17653 49.45 495 10 2134 0 57 152 3277 0 1 6370 1 5156
FEMALE 17973 50.35 499 9 3262 0 36 121 3164 0 0 5380 0 5502
UNKNOWN GENDER 73 0.20 1 0 12 0 0 0 13 0 0 11 0 36
60 THRU 61 19411 600 9 3326 0 64 170 3801 0 1 5744 0 5696
MALE 9774 50.35 342 5 1406 0 39 94 1940 0 0 3123 0 2825
FEMALE 9567 49.29 257 4 1908 0 25 74 1849 0 1 2612 0 2837
UNKNOWN GENDER 70 0.36 1 0 12 0 0 2 12 0 0 9 0 34
VOTED 14202 73.16 362 7 2437 0 48 111 2908 0 1 4406 0 3922
MALE 7082 49.87 202 4 1006 0 29 62 1480 0 0 2372 0 1927
FEMALE 7094 49.95 160 3 1424 0 19 49 1423 0 1 2033 0 1982
UNKNOWN GENDER 26 0.18 0 0 7 0 0 0 5 0 0 1 0 13
62 THRU 64 26971 808 9 4800 0 79 222 5835 0 0 7407 1 7810
MALE 13924 51.63 436 7 2131 0 47 140 3077 0 0 4135 1 3950
FEMALE 12960 48.05 367 2 2657 0 30 82 2747 0 0 3263 0 3812
UNKNOWN GENDER 87 0.32 5 0 12 0 2 0 11 0 0 9 0 48
VOTED 19833 73.53 487 5 3440 0 53 131 4525 0 0 5746 0 5446
MALE 10145 51.15 251 4 1499 0 31 81 2382 0 0 3163 0 2734
FEMALE 9653 48.67 236 1 1935 0 22 50 2137 0 0 2580 0 2692
UNKNOWN GENDER 35 0.18 0 0 6 0 0 0 6 0 0 3 0 20
65 THRU 74 55673 1473 17 10070 0 124 329 13043 1 0 15999 0 14617
MALE 29240 52.52 822 14 4479 0 65 189 7239 1 0 8871 0 7560
FEMALE 26291 47.22 647 3 5575 0 59 138 5777 0 0 7095 0 6997
UNKNOWN GENDER 142 0.26 4 0 16 0 0 2 27 0 0 33 0 60
VOTED 41861 75.19 917 13 7373 0 94 215 10205 1 0 12648 0 10395
MALE 21884 52.28 502 11 3232 0 47 120 5647 1 0 6952 0 5372
FEMALE 19913 47.57 414 2 4135 0 47 94 4541 0 0 5679 0 5001
UNKNOWN GENDER 64 0.15 1 0 6 0 0 1 17 0 0 17 0 22
ABOVE 75 24523 739 2 4656 0 22 88 5376 0 0 8324 0 5316
MALE 11728 47.82 381 1 1919 0 9 59 2731 0 0 4175 0 2453
FEMALE 12734 51.93 356 1 2732 0 13 28 2634 0 0 4134 0 2836
UNKNOWN GENDER 61 0.25 2 0 5 0 0 1 11 0 0 15 0 27
VOTED 17122 69.82 438 1 2990 0 11 47 3903 0 0 6248 0 3484
MALE 8406 49.09 227 0 1281 0 5 30 2024 0 0 3190 0 1649
FEMALE 8692 50.77 209 1 1708 0 6 17 1875 0 0 3052 0 1824
UNKNOWN GENDER 24 0.14 2 0 1 0 0 0 4 0 0 6 0 11
TOTALS 533583 17171 367 79140 3 1748 7586 87066 1 5 146137 23 194336
MALE 269667 50.54 9129 242 33992 0 1016 4523 46953 1 3 80060 13 93735
FEMALE 260190 48.76 7965 125 44813 3 708 3013 39565 0 2 65639 10 98347
UNKNOWN GENDER 3726 0.70 77 0 335 0 24 50 548 0 0 438 0 2254
VOTED 321922 57.81 8283 193 49797 1 956 3674 55764 1 5 98378 7 104863
MALE 157955 49.07 4184 135 20141 0 544 2198 29371 1 3 52616 3 48759
FEMALE 162944 50.62 4084 58 29544 1 409 1465 26229 0 2 45590 4 55558
UNKNOWN GENDER 1023 0.32 15 0 112 0 3 11 164 0 0 172 0 546