UNKNOWN DOB 269 10 1 19 0 5 0 11 25 0 0 30 0 168 0 0
MALE 136 50.56 4 1 9 0 2 0 5 17 0 0 15 0 83 0 0
FEMALE 105 39.03 6 0 9 0 0 0 3 8 0 0 13 0 66 0 0
UNKNOWN GENDER 28 10.41 0 0 1 0 3 0 3 0 0 0 2 0 19 0 0
VOTED 56 20.82 2 1 4 0 1 0 0 9 0 0 10 0 29 0 0
MALE 31 55.36 1 1 1 0 1 0 0 6 0 0 6 0 15 0 0
FEMALE 24 42.86 1 0 3 0 0 0 0 3 0 0 4 0 13 0 0
UNKNOWN GENDER 1 1.79 0 0 0 0 0 0 0 0 0 0 0 0 1 0 0
18 THRU 19 11407 277 11 950 9 26 0 92 862 2 3 1349 3 7817 4 2
MALE 5710 50.06 124 7 372 4 12 0 44 464 1 2 798 2 3878 1 1
FEMALE 5604 49.13 153 4 572 5 14 0 47 391 1 1 551 1 3860 3 1
UNKNOWN GENDER 93 0.82 0 0 6 0 0 0 1 7 0 0 0 0 79 0 0
VOTED 4205 36.86 116 1 523 4 10 0 33 397 1 0 728 0 2391 0 1
MALE 1962 46.66 47 0 183 2 5 0 15 202 1 0 423 0 1084 0 0
FEMALE 2210 52.56 69 1 338 2 5 0 18 191 0 0 305 0 1280 0 1
UNKNOWN GENDER 33 0.78 0 0 2 0 0 0 0 4 0 0 0 0 27 0 0
20 8322 210 10 815 7 17 0 94 648 1 0 1209 1 5303 5 2
MALE 4162 50.01 100 6 306 4 9 0 63 376 1 0 690 1 2600 4 2
FEMALE 4127 49.59 110 4 505 3 8 0 30 270 0 0 518 0 2678 1 0
UNKNOWN GENDER 33 0.40 0 0 4 0 0 0 1 2 0 0 1 0 25 0 0
VOTED 2431 29.21 66 1 411 3 8 0 26 253 1 0 462 0 1199 0 1
MALE 1127 46.36 25 1 135 1 4 0 17 138 1 0 256 0 548 0 1
FEMALE 1297 53.35 41 0 275 2 4 0 9 114 0 0 205 0 647 0 0
UNKNOWN GENDER 7 0.29 0 0 1 0 0 0 0 1 0 0 1 0 4 0 0
21 8852 267 15 845 2 27 1 112 822 0 1 1273 2 5478 4 3
MALE 4482 50.63 129 9 339 2 11 0 59 441 0 1 742 1 2744 1 3
FEMALE 4347 49.11 138 6 503 0 16 1 53 379 0 0 531 1 2716 3 0
UNKNOWN GENDER 23 0.26 0 0 3 0 0 0 0 2 0 0 0 0 18 0 0
VOTED 2485 28.07 68 1 372 1 11 1 31 329 0 0 469 1 1201 0 0
MALE 1144 46.04 22 0 124 1 4 0 16 159 0 0 262 0 556 0 0
FEMALE 1336 53.76 46 1 247 0 7 1 15 170 0 0 207 1 641 0 0
UNKNOWN GENDER 5 0.20 0 0 1 0 0 0 0 0 0 0 0 0 4 0 0
22 THRU 24 29746 990 37 3260 7 99 0 489 3115 2 4 4995 4 16710 28 6
MALE 15029 50.52 481 26 1374 4 49 0 283 1704 1 1 2747 3 8327 25 4
FEMALE 14402 48.42 503 11 1866 3 44 0 200 1365 1 3 2213 1 8187 3 2
UNKNOWN GENDER 315 1.06 6 0 20 0 6 0 6 46 0 0 35 0 196 0 0
VOTED 8192 27.54 278 4 1369 4 23 0 142 973 1 2 1684 0 3707 4 1
MALE 3687 45.01 117 4 490 2 13 0 84 480 1 1 867 0 1625 3 0
FEMALE 4491 54.82 160 0 877 2 10 0 57 488 0 1 815 0 2079 1 1
UNKNOWN GENDER 14 0.17 1 0 2 0 0 0 1 5 0 0 2 0 3 0 0
25 THRU 34 122918 3631 128 14848 17 370 7 2541 15005 9 11 24291 14 61748 276 22
MALE 61960 50.41 1856 94 6274 9 211 5 1579 8183 5 6 13275 6 30210 229 18
FEMALE 60218 48.99 1764 34 8508 8 157 2 951 6729 4 5 10956 8 31041 47 4
UNKNOWN GENDER 740 0.60 11 0 66 0 2 0 11 93 0 0 60 0 497 0 0
VOTED 42676 34.72 1124 43 6843 9 126 3 820 6132 6 2 9746 2 17767 48 5
MALE 19563 45.84 513 30 2576 5 66 1 521 3145 2 1 5044 1 7614 40 4
FEMALE 23038 53.98 610 13 4255 4 60 2 297 2977 4 1 4698 1 10107 8 1
UNKNOWN GENDER 75 0.18 1 0 12 0 0 0 2 10 0 0 4 0 46 0 0
35 THRU 44 106113 3148 77 13073 7 395 0 1824 14401 10 11 25435 11 47453 255 13
MALE 54684 51.53 1752 49 5558 3 240 0 1128 7929 5 8 14176 4 23635 188 9
FEMALE 51109 48.16 1389 28 7473 4 153 0 688 6431 5 3 11222 7 23635 67 4
UNKNOWN GENDER 320 0.30 7 0 42 0 2 0 8 41 0 0 37 0 183 0 0
VOTED 48343 45.56 1213 23 7049 3 180 0 703 7144 6 6 12962 6 18968 76 4
MALE 23478 48.57 598 15 2729 2 105 0 443 3835 3 4 7031 3 8648 58 4
FEMALE 24815 51.33 615 8 4311 1 74 0 257 3306 3 2 5922 3 10295 18 0
UNKNOWN GENDER 50 0.10 0 0 9 0 1 0 3 3 0 0 9 0 25 0 0
45 THRU 54 92604 2949 75 11376 9 280 1 974 12638 2 9 27504 4 36571 207 5
MALE 47784 51.60 1593 50 4807 6 177 0 576 6871 0 5 15186 3 18361 148 1
FEMALE 44605 48.17 1352 25 6543 3 102 1 395 5743 2 4 12292 1 18079 59 4
UNKNOWN GENDER 215 0.23 4 0 26 0 1 0 3 24 0 0 26 0 131 0 0
VOTED 50417 54.44 1352 32 6747 5 147 1 453 7531 2 3 16778 3 17275 85 3
MALE 24934 49.46 681 20 2649 3 96 0 272 3985 0 2 9065 2 8100 58 1
FEMALE 25442 50.46 671 12 4095 2 51 1 181 3541 2 1 7707 1 9148 27 2
UNKNOWN GENDER 41 0.08 0 0 3 0 0 0 0 5 0 0 6 0 27 0 0
55 THRU 59 52252 1624 40 7012 4 138 0 439 8143 1 4 15938 2 18803 103 1
MALE 26906 51.49 846 30 2970 2 84 0 247 4161 1 3 8874 2 9608 77 1
FEMALE 25242 48.31 777 10 4027 2 54 0 192 3969 0 1 7049 0 9135 26 0
UNKNOWN GENDER 104 0.20 1 0 15 0 0 0 0 13 0 0 15 0 60 0 0
VOTED 31882 61.02 819 17 4484 1 88 0 207 5451 1 3 10912 1 9856 41 1
MALE 16066 50.39 434 13 1806 1 56 0 120 2720 1 2 6038 1 4844 29 1
FEMALE 15782 49.50 385 4 2669 0 32 0 87 2729 0 1 4866 0 4997 12 0
UNKNOWN GENDER 34 0.11 0 0 9 0 0 0 0 2 0 0 8 0 15 0 0
60 THRU 61 20391 687 14 2983 0 58 0 144 3593 0 2 5904 1 6973 32 0
MALE 10336 50.69 345 7 1216 0 35 0 74 1859 0 1 3242 0 3534 23 0
FEMALE 10007 49.08 341 7 1757 0 23 0 69 1730 0 1 2655 1 3414 9 0
UNKNOWN GENDER 48 0.24 1 0 10 0 0 0 1 4 0 0 7 0 25 0 0
VOTED 13009 63.80 378 10 1982 0 26 0 69 2504 0 0 4130 0 3896 14 0
MALE 6481 49.82 186 4 770 0 14 0 34 1286 0 0 2259 0 1918 10 0
FEMALE 6517 50.10 192 6 1210 0 12 0 35 1217 0 0 1869 0 1972 4 0
UNKNOWN GENDER 11 0.08 0 0 2 0 0 0 0 1 0 0 2 0 6 0 0
62 THRU 64 28887 846 13 4600 0 73 0 233 5544 0 1 8125 2 9399 47 4
MALE 14682 50.83 480 10 1975 0 45 0 142 2843 0 0 4401 1 4745 37 3
FEMALE 14159 49.02 365 3 2615 0 27 0 89 2694 0 1 3716 1 4637 10 1
UNKNOWN GENDER 46 0.16 1 0 10 0 1 0 2 7 0 0 8 0 17 0 0
VOTED 19166 66.35 476 6 3192 0 56 0 133 4085 0 1 5797 0 5397 22 1
MALE 9687 50.54 262 6 1356 0 35 0 89 2082 0 0 3123 0 2714 19 1
FEMALE 9471 49.42 214 0 1836 0 21 0 44 2002 0 1 2669 0 2681 3 0
UNKNOWN GENDER 8 0.04 0 0 0 0 0 0 0 1 0 0 5 0 2 0 0
65 THRU 74 64230 1731 24 10872 2 137 0 366 14318 4 1 17532 2 19125 113 3
MALE 33639 52.37 956 16 4779 0 76 0 206 7823 3 1 9739 1 9945 92 2
FEMALE 30485 47.46 770 8 6081 2 61 0 159 6478 1 0 7771 1 9131 21 1
UNKNOWN GENDER 106 0.17 5 0 12 0 0 0 1 17 0 0 22 0 49 0 0
VOTED 44275 68.93 975 12 7594 2 102 0 205 10899 3 1 12867 1 11560 52 2
MALE 23106 52.19 528 9 3289 0 55 0 119 5951 3 1 7116 1 5989 44 1
FEMALE 21144 47.76 446 3 4298 2 47 0 86 4944 0 0 5747 0 5562 8 1
UNKNOWN GENDER 25 0.06 1 0 7 0 0 0 0 4 0 0 4 0 9 0 0
ABOVE 75 29089 778 2 5015 1 31 0 109 6198 0 0 9581 1 7326 47 0
MALE 14028 48.22 395 1 2073 1 13 0 66 3153 0 0 4880 1 3412 33 0
FEMALE 15021 51.64 383 1 2934 0 18 0 43 3037 0 0 4694 0 3897 14 0
UNKNOWN GENDER 40 0.14 0 0 8 0 0 0 0 8 0 0 7 0 17 0 0
VOTED 18828 64.73 423 1 3145 1 21 0 57 4354 0 0 6722 0 4081 23 0
MALE 9367 49.75 226 0 1328 1 10 0 34 2278 0 0 3483 0 1992 15 0
FEMALE 9450 50.19 197 1 1813 0 11 0 23 2075 0 0 3236 0 2086 8 0
UNKNOWN GENDER 11 0.06 0 0 4 0 0 0 0 1 0 0 3 0 3 0 0
TOTALS 575080 17148 447 75668 65 1656 9 7428 85312 31 47 143166 47 242874 1121 61
MALE 293538 51.04 9061 306 32052 35 964 5 4472 45824 17 28 78765 25 121082 858 44
FEMALE 279431 48.59 8051 141 43393 30 677 4 2919 39224 14 19 64181 22 120476 263 17
UNKNOWN GENDER 2111 0.37 36 0 223 0 15 0 37 264 0 0 220 0 1316 0 0
VOTED 285965 46.31 7290 152 43715 33 799 5 2879 50061 21 18 83267 14 97327 365 19
MALE 140633 49.18 3640 103 17436 18 464 1 1764 26267 12 11 44973 8 45647 276 13
FEMALE 145017 50.71 3647 49 26227 15 334 4 1109 23757 9 7 38250 6 51508 89 6
UNKNOWN GENDER 315 0.11 3 0 52 0 1 0 6 37 0 0 44 0 172 0 0