UNKNOWN DOB 229 11 1 23 0 2 0 0 6 19 0 0 42 125 0 0
MALE 114 49.78 5 0 8 0 1 0 0 1 10 0 0 22 67 0 0
FEMALE 107 46.72 6 1 14 0 0 0 0 4 9 0 0 19 54 0 0
UNKNOWN GENDER 8 3.49 0 0 1 0 1 0 0 1 0 0 0 1 4 0 0
VOTED 55 24.02 3 1 5 0 1 0 0 0 5 0 0 13 27 0 0
MALE 32 58.18 2 0 1 0 0 0 0 0 3 0 0 10 16 0 0
FEMALE 22 40.00 1 1 4 0 0 0 0 0 2 0 0 3 11 0 0
UNKNOWN GENDER 1 1.82 0 0 0 0 1 0 0 0 0 0 0 0 0 0 0
18 THRU 19 14009 571 28 1488 17 31 0 0 113 1023 12 4 2022 8685 5 10
MALE 7054 50.35 262 15 546 8 17 0 0 51 565 6 4 1191 4377 4 8
FEMALE 6922 49.41 308 13 942 9 14 0 0 62 456 6 0 829 4280 1 2
UNKNOWN GENDER 33 0.24 1 0 0 0 0 0 0 0 2 0 0 2 28 0 0
VOTED 7931 56.61 339 9 1140 10 21 0 0 70 628 7 1 1458 4241 1 6
MALE 3708 46.75 150 5 394 3 11 0 0 31 318 3 1 835 1952 1 4
FEMALE 4205 53.02 188 4 746 7 10 0 0 39 308 4 0 622 2275 0 2
UNKNOWN GENDER 18 0.23 1 0 0 0 0 0 0 0 2 0 0 1 14 0 0
20 9220 285 20 962 16 22 1 1 83 669 6 1 1140 6004 8 2
MALE 4779 51.83 127 14 372 12 11 1 0 43 387 3 0 715 3089 3 2
FEMALE 4430 48.05 157 6 589 4 11 0 1 40 282 3 1 424 2907 5 0
UNKNOWN GENDER 11 0.12 1 0 1 0 0 0 0 0 0 0 0 1 8 0 0
VOTED 4137 44.87 144 3 651 6 10 1 1 42 333 2 1 721 2220 1 1
MALE 2006 48.49 60 2 224 3 4 1 0 20 183 1 0 435 1071 1 1
FEMALE 2131 51.51 84 1 427 3 6 0 1 22 150 1 1 286 1149 0 0
UNKNOWN GENDER 0 0.00 0 0 0 0 0 0 0 0 0 0 0 0 0 0 0
21 9561 290 16 913 10 31 1 0 103 688 5 6 1168 6324 6 0
MALE 4949 51.76 143 13 375 2 14 1 0 54 391 2 5 683 3261 5 0
FEMALE 4598 48.09 146 3 537 8 17 0 0 49 296 3 1 485 3052 1 0
UNKNOWN GENDER 14 0.15 1 0 1 0 0 0 0 0 1 0 0 0 11 0 0
VOTED 4160 43.51 139 8 633 4 14 0 0 53 333 1 1 697 2274 3 0
MALE 1956 47.02 56 6 226 0 5 0 0 22 185 0 1 385 1068 2 0
FEMALE 2199 52.86 82 2 407 4 9 0 0 31 148 1 0 312 1202 1 0
UNKNOWN GENDER 5 0.12 1 0 0 0 0 0 0 0 0 0 0 0 4 0 0
22 THRU 24 30939 1007 56 3587 31 89 9 3 457 2818 17 5 4812 18005 34 9
MALE 15854 51.24 489 37 1447 17 49 4 3 283 1582 10 4 2763 9131 27 8
FEMALE 15004 48.50 518 19 2122 14 39 5 0 174 1224 7 1 2042 8831 7 1
UNKNOWN GENDER 81 0.26 0 0 18 0 1 0 0 0 12 0 0 7 43 0 0
VOTED 12692 41.02 450 20 2236 20 39 5 1 204 1293 12 2 2544 5858 6 2
MALE 6006 47.32 193 12 841 11 21 1 1 137 699 6 2 1375 2701 5 1
FEMALE 6667 52.53 257 8 1386 9 18 4 0 67 594 6 0 1167 3149 1 1
UNKNOWN GENDER 19 0.15 0 0 9 0 0 0 0 0 0 0 0 2 8 0 0
25 THRU 34 126181 3947 170 16357 87 390 22 6 2369 14046 44 26 23570 64822 292 33
MALE 63908 50.65 1931 126 6820 43 225 14 2 1466 7792 23 15 13013 32182 231 25
FEMALE 61966 49.11 2011 43 9508 44 164 8 4 896 6213 21 11 10518 32457 60 8
UNKNOWN GENDER 307 0.24 5 1 29 0 1 0 0 7 41 0 0 39 183 1 0
VOTED 58974 46.74 1798 58 10006 55 139 13 2 1115 7330 31 13 13683 24616 103 12
MALE 27701 46.97 776 46 3822 27 68 5 0 684 3944 13 9 7241 10976 80 10
FEMALE 31214 52.93 1021 12 6174 28 71 8 2 429 3381 18 4 6428 13614 22 2
UNKNOWN GENDER 59 0.10 1 0 10 0 0 0 0 2 5 0 0 14 26 1 0
35 THRU 44 114738 3561 125 14477 37 358 11 1 1849 14600 32 26 26858 52397 370 36
MALE 59303 51.69 1930 84 6110 12 209 7 0 1179 8112 19 23 15082 26231 278 27
FEMALE 55256 48.16 1628 41 8336 25 147 4 1 667 6473 13 3 11751 26066 92 9
UNKNOWN GENDER 179 0.16 3 0 31 0 2 0 0 3 15 0 0 25 100 0 0
VOTED 66137 57.64 1864 71 9716 28 171 8 0 924 9147 24 14 18072 25935 148 15
MALE 32681 49.41 927 45 3856 9 104 4 0 614 4952 14 12 9930 12084 119 11
FEMALE 33422 50.53 936 26 5852 19 67 4 0 310 4190 10 2 8131 13842 29 4
UNKNOWN GENDER 34 0.05 1 0 8 0 0 0 0 0 5 0 0 11 9 0 0
45 THRU 54 90563 3002 92 11066 30 221 4 3 905 11578 8 24 26479 36923 215 13
MALE 46755 51.63 1554 59 4621 17 148 4 3 557 6271 4 15 14665 18675 153 9
FEMALE 43711 48.27 1447 33 6432 13 72 0 0 346 5299 4 9 11802 18188 62 4
UNKNOWN GENDER 97 0.11 1 0 13 0 1 0 0 2 8 0 0 12 60 0 0
VOTED 57977 64.02 1681 51 7710 20 131 3 1 508 7915 6 15 19125 20705 100 6
MALE 28800 49.67 805 30 3034 11 86 3 1 309 4188 4 8 10375 9867 74 5
FEMALE 29154 50.29 875 21 4673 9 45 0 0 198 3724 2 7 8748 10825 26 1
UNKNOWN GENDER 23 0.04 1 0 3 0 0 0 0 1 3 0 0 2 13 0 0
55 THRU 59 50028 1650 41 6573 13 111 1 1 350 6967 6 10 15927 18268 106 4
MALE 25833 51.64 864 32 2752 7 75 1 0 192 3653 0 6 8885 9290 74 2
FEMALE 24140 48.25 785 9 3817 6 36 0 1 157 3307 6 4 7029 8949 32 2
UNKNOWN GENDER 55 0.11 1 0 4 0 0 0 0 1 7 0 0 13 29 0 0
VOTED 34439 68.84 1018 22 4803 7 72 0 1 191 5145 4 5 12244 10869 57 1
MALE 17332 50.33 523 17 1927 2 51 0 0 105 2637 0 4 6714 5310 41 1
FEMALE 17097 49.64 495 5 2875 5 21 0 1 86 2507 4 1 5524 5557 16 0
UNKNOWN GENDER 10 0.03 0 0 1 0 0 0 0 0 1 0 0 6 2 0 0
60 THRU 61 20220 674 20 2942 3 50 0 0 131 3113 1 1 6330 6908 44 3
MALE 10439 51.63 350 16 1209 1 27 0 0 76 1577 1 1 3563 3584 32 2
FEMALE 9764 48.29 324 4 1730 2 23 0 0 55 1534 0 0 2764 3315 12 1
UNKNOWN GENDER 17 0.08 0 0 3 0 0 0 0 0 2 0 0 3 9 0 0
VOTED 14514 71.78 434 11 2233 1 33 0 0 82 2408 1 1 4986 4301 21 2
MALE 7307 50.34 216 9 888 0 18 0 0 47 1208 1 1 2773 2130 14 2
FEMALE 7200 49.61 218 2 1343 1 15 0 0 35 1199 0 0 2211 2169 7 0
UNKNOWN GENDER 7 0.05 0 0 2 0 0 0 0 0 1 0 0 2 2 0 0
62 THRU 64 29238 1071 25 4476 6 64 1 0 172 5000 2 7 8699 9668 43 4
MALE 14851 50.79 534 15 1804 3 39 0 0 101 2561 1 3 4766 4984 36 4
FEMALE 14349 49.08 535 10 2663 3 25 1 0 69 2435 1 4 3929 4667 7 0
UNKNOWN GENDER 38 0.13 2 0 9 0 0 0 0 2 4 0 0 4 17 0 0
VOTED 21402 73.20 718 17 3427 1 45 1 0 100 3980 1 4 6938 6147 22 1
MALE 10691 49.95 346 9 1339 0 25 0 0 68 2019 0 2 3774 3089 19 1
FEMALE 10697 49.98 371 8 2084 1 20 1 0 32 1959 1 2 3161 3054 3 0
UNKNOWN GENDER 14 0.07 1 0 4 0 0 0 0 0 2 0 0 3 4 0 0
65 THRU 74 70555 2236 34 12453 14 126 1 3 329 14282 9 8 20006 20927 120 7
MALE 36589 51.86 1193 25 5462 7 76 1 1 200 7596 6 5 11049 10873 90 5
FEMALE 33904 48.05 1040 9 6981 7 50 0 2 128 6680 3 3 8943 10026 30 2
UNKNOWN GENDER 62 0.09 3 0 10 0 0 0 0 1 6 0 0 14 28 0 0
VOTED 54229 76.86 1567 17 9926 12 101 1 2 207 11839 6 6 16397 14067 75 6
MALE 27912 51.47 816 15 4293 6 61 1 1 126 6241 5 3 9024 7259 57 4
FEMALE 26300 48.50 751 2 5627 6 40 0 1 81 5597 1 3 7368 6803 18 2
UNKNOWN GENDER 17 0.03 0 0 6 0 0 0 0 0 1 0 0 5 5 0 0
ABOVE 75 32626 956 8 5727 3 29 1 0 91 6627 2 2 10916 8213 50 1
MALE 15842 48.56 490 5 2363 1 15 0 0 51 3391 2 0 5579 3908 37 0
FEMALE 16755 51.35 466 3 3358 2 14 1 0 40 3230 0 2 5333 4292 13 1
UNKNOWN GENDER 29 0.09 0 0 6 0 0 0 0 0 6 0 0 4 13 0 0
VOTED 23564 72.22 649 3 4121 2 22 1 0 47 5128 2 0 8558 5008 23 0
MALE 11779 49.99 340 2 1741 1 11 0 0 28 2699 2 0 4463 2475 17 0
FEMALE 11774 49.97 309 1 2375 1 11 1 0 19 2429 0 0 4092 2530 6 0
UNKNOWN GENDER 11 0.05 0 0 5 0 0 0 0 0 0 0 0 3 3 0 0
TOTALS 598107 19261 636 81044 267 1524 52 18 6958 81430 144 120 147969 257269 1293 122
MALE 306270 51.21 9872 441 33889 130 906 33 9 4254 43888 77 81 81976 129652 970 92
FEMALE 290906 48.64 9371 194 47029 137 612 19 9 2687 37438 67 39 65868 127084 322 30
UNKNOWN GENDER 931 0.16 18 1 126 0 6 0 0 17 104 0 0 125 533 1 0
VOTED 360211 57.03 10804 291 56607 166 799 33 8 3543 55484 97 63 105436 126268 560 52
MALE 177911 49.39 5210 198 22586 73 465 15 3 2191 29276 49 43 57334 59998 430 40
FEMALE 182082 50.55 5588 93 33973 93 333 18 5 1349 26188 48 20 48053 66180 129 12
UNKNOWN GENDER 218 0.06 6 0 48 0 1 0 0 3 20 0 0 49 90 1 0